***astar statistics***
Total node expansions: 572
Total solution cost: 38
Solution path:

Step #0
1	2	3	4	5	6	7	8	9	10	11	12
13	14	15	16	17	18	19	20	21	22	23	24
25	26	27	28	29	30	31	32	33	34	35	36
37	38	39	40	41	42	43	44	45	46	47	48
49	50	51	52	53	54	55	56	57	58	59	60
61	62	63	64	65	66	67	69	81	70	71	72
73	74	75	76	77	78	79	68	93	82	83	84
85	86	87	88	89	90	91	92	80	104	95	96
97	98	99	112	100	114	102	103	106	94	107	108
109	110	111	0	101	113	115	116	105	118	131	119
121	122	123	124	125	126	127	129	117	120	142	132
133	134	135	136	137	138	139	128	140	141	130	143

Step #1
1	2	3	4	5	6	7	8	9	10	11	12
13	14	15	16	17	18	19	20	21	22	23	24
25	26	27	28	29	30	31	32	33	34	35	36
37	38	39	40	41	42	43	44	45	46	47	48
49	50	51	52	53	54	55	56	57	58	59	60
61	62	63	64	65	66	67	69	81	70	71	72
73	74	75	76	77	78	79	68	93	82	83	84
85	86	87	88	89	90	91	92	80	104	95	96
97	98	99	0	100	114	102	103	106	94	107	108
109	110	111	112	101	113	115	116	105	118	131	119
121	122	123	124	125	126	127	129	117	120	142	132
133	134	135	136	137	138	139	128	140	141	130	143

Step #2
1	2	3	4	5	6	7	8	9	10	11	12
13	14	15	16	17	18	19	20	21	22	23	24
25	26	27	28	29	30	31	32	33	34	35	36
37	38	39	40	41	42	43	44	45	46	47	48
49	50	51	52	53	54	55	56	57	58	59	60
61	62	63	64	65	66	67	69	81	70	71	72
73	74	75	76	77	78	79	68	93	82	83	84
85	86	87	88	89	90	91	92	80	104	95	96
97	98	99	100	0	114	102	103	106	94	107	108
109	110	111	112	101	113	115	116	105	118	131	119
121	122	123	124	125	126	127	129	117	120	142	132
133	134	135	136	137	138	139	128	140	141	130	143

Step #3
1	2	3	4	5	6	7	8	9	10	11	12
13	14	15	16	17	18	19	20	21	22	23	24
25	26	27	28	29	30	31	32	33	34	35	36
37	38	39	40	41	42	43	44	45	46	47	48
49	50	51	52	53	54	55	56	57	58	59	60
61	62	63	64	65	66	67	69	81	70	71	72
73	74	75	76	77	78	79	68	93	82	83	84
85	86	87	88	89	90	91	92	80	104	95	96
97	98	99	100	101	114	102	103	106	94	107	108
109	110	111	112	0	113	115	116	105	118	131	119
121	122	123	124	125	126	127	129	117	120	142	132
133	134	135	136	137	138	139	128	140	141	130	143

Step #4
1	2	3	4	5	6	7	8	9	10	11	12
13	14	15	16	17	18	19	20	21	22	23	24
25	26	27	28	29	30	31	32	33	34	35	36
37	38	39	40	41	42	43	44	45	46	47	48
49	50	51	52	53	54	55	56	57	58	59	60
61	62	63	64	65	66	67	69	81	70	71	72
73	74	75	76	77	78	79	68	93	82	83	84
85	86	87	88	89	90	91	92	80	104	95	96
97	98	99	100	101	114	102	103	106	94	107	108
109	110	111	112	113	0	115	116	105	118	131	119
121	122	123	124	125	126	127	129	117	120	142	132
133	134	135	136	137	138	139	128	140	141	130	143

Step #5
1	2	3	4	5	6	7	8	9	10	11	12
13	14	15	16	17	18	19	20	21	22	23	24
25	26	27	28	29	30	31	32	33	34	35	36
37	38	39	40	41	42	43	44	45	46	47	48
49	50	51	52	53	54	55	56	57	58	59	60
61	62	63	64	65	66	67	69	81	70	71	72
73	74	75	76	77	78	79	68	93	82	83	84
85	86	87	88	89	90	91	92	80	104	95	96
97	98	99	100	101	0	102	103	106	94	107	108
109	110	111	112	113	114	115	116	105	118	131	119
121	122	123	124	125	126	127	129	117	120	142	132
133	134	135	136	137	138	139	128	140	141	130	143

Step #6
1	2	3	4	5	6	7	8	9	10	11	12
13	14	15	16	17	18	19	20	21	22	23	24
25	26	27	28	29	30	31	32	33	34	35	36
37	38	39	40	41	42	43	44	45	46	47	48
49	50	51	52	53	54	55	56	57	58	59	60
61	62	63	64	65	66	67	69	81	70	71	72
73	74	75	76	77	78	79	68	93	82	83	84
85	86	87	88	89	90	91	92	80	104	95	96
97	98	99	100	101	102	0	103	106	94	107	108
109	110	111	112	113	114	115	116	105	118	131	119
121	122	123	124	125	126	127	129	117	120	142	132
133	134	135	136	137	138	139	128	140	141	130	143

Step #7
1	2	3	4	5	6	7	8	9	10	11	12
13	14	15	16	17	18	19	20	21	22	23	24
25	26	27	28	29	30	31	32	33	34	35	36
37	38	39	40	41	42	43	44	45	46	47	48
49	50	51	52	53	54	55	56	57	58	59	60
61	62	63	64	65	66	67	69	81	70	71	72
73	74	75	76	77	78	79	68	93	82	83	84
85	86	87	88	89	90	91	92	80	104	95	96
97	98	99	100	101	102	103	0	106	94	107	108
109	110	111	112	113	114	115	116	105	118	131	119
121	122	123	124	125	126	127	129	117	120	142	132
133	134	135	136	137	138	139	128	140	141	130	143

Step #8
1	2	3	4	5	6	7	8	9	10	11	12
13	14	15	16	17	18	19	20	21	22	23	24
25	26	27	28	29	30	31	32	33	34	35	36
37	38	39	40	41	42	43	44	45	46	47	48
49	50	51	52	53	54	55	56	57	58	59	60
61	62	63	64	65	66	67	69	81	70	71	72
73	74	75	76	77	78	79	68	93	82	83	84
85	86	87	88	89	90	91	0	80	104	95	96
97	98	99	100	101	102	103	92	106	94	107	108
109	110	111	112	113	114	115	116	105	118	131	119
121	122	123	124	125	126	127	129	117	120	142	132
133	134	135	136	137	138	139	128	140	141	130	143

Step #9
1	2	3	4	5	6	7	8	9	10	11	12
13	14	15	16	17	18	19	20	21	22	23	24
25	26	27	28	29	30	31	32	33	34	35	36
37	38	39	40	41	42	43	44	45	46	47	48
49	50	51	52	53	54	55	56	57	58	59	60
61	62	63	64	65	66	67	69	81	70	71	72
73	74	75	76	77	78	79	68	93	82	83	84
85	86	87	88	89	90	91	80	0	104	95	96
97	98	99	100	101	102	103	92	106	94	107	108
109	110	111	112	113	114	115	116	105	118	131	119
121	122	123	124	125	126	127	129	117	120	142	132
133	134	135	136	137	138	139	128	140	141	130	143

Step #10
1	2	3	4	5	6	7	8	9	10	11	12
13	14	15	16	17	18	19	20	21	22	23	24
25	26	27	28	29	30	31	32	33	34	35	36
37	38	39	40	41	42	43	44	45	46	47	48
49	50	51	52	53	54	55	56	57	58	59	60
61	62	63	64	65	66	67	69	81	70	71	72
73	74	75	76	77	78	79	68	93	82	83	84
85	86	87	88	89	90	91	80	104	0	95	96
97	98	99	100	101	102	103	92	106	94	107	108
109	110	111	112	113	114	115	116	105	118	131	119
121	122	123	124	125	126	127	129	117	120	142	132
133	134	135	136	137	138	139	128	140	141	130	143

Step #11
1	2	3	4	5	6	7	8	9	10	11	12
13	14	15	16	17	18	19	20	21	22	23	24
25	26	27	28	29	30	31	32	33	34	35	36
37	38	39	40	41	42	43	44	45	46	47	48
49	50	51	52	53	54	55	56	57	58	59	60
61	62	63	64	65	66	67	69	81	70	71	72
73	74	75	76	77	78	79	68	93	82	83	84
85	86	87	88	89	90	91	80	104	94	95	96
97	98	99	100	101	102	103	92	106	0	107	108
109	110	111	112	113	114	115	116	105	118	131	119
121	122	123	124	125	126	127	129	117	120	142	132
133	134	135	136	137	138	139	128	140	141	130	143

Step #12
1	2	3	4	5	6	7	8	9	10	11	12
13	14	15	16	17	18	19	20	21	22	23	24
25	26	27	28	29	30	31	32	33	34	35	36
37	38	39	40	41	42	43	44	45	46	47	48
49	50	51	52	53	54	55	56	57	58	59	60
61	62	63	64	65	66	67	69	81	70	71	72
73	74	75	76	77	78	79	68	93	82	83	84
85	86	87	88	89	90	91	80	104	94	95	96
97	98	99	100	101	102	103	92	0	106	107	108
109	110	111	112	113	114	115	116	105	118	131	119
121	122	123	124	125	126	127	129	117	120	142	132
133	134	135	136	137	138	139	128	140	141	130	143

Step #13
1	2	3	4	5	6	7	8	9	10	11	12
13	14	15	16	17	18	19	20	21	22	23	24
25	26	27	28	29	30	31	32	33	34	35	36
37	38	39	40	41	42	43	44	45	46	47	48
49	50	51	52	53	54	55	56	57	58	59	60
61	62	63	64	65	66	67	69	81	70	71	72
73	74	75	76	77	78	79	68	93	82	83	84
85	86	87	88	89	90	91	80	0	94	95	96
97	98	99	100	101	102	103	92	104	106	107	108
109	110	111	112	113	114	115	116	105	118	131	119
121	122	123	124	125	126	127	129	117	120	142	132
133	134	135	136	137	138	139	128	140	141	130	143

Step #14
1	2	3	4	5	6	7	8	9	10	11	12
13	14	15	16	17	18	19	20	21	22	23	24
25	26	27	28	29	30	31	32	33	34	35	36
37	38	39	40	41	42	43	44	45	46	47	48
49	50	51	52	53	54	55	56	57	58	59	60
61	62	63	64	65	66	67	69	81	70	71	72
73	74	75	76	77	78	79	68	0	82	83	84
85	86	87	88	89	90	91	80	93	94	95	96
97	98	99	100	101	102	103	92	104	106	107	108
109	110	111	112	113	114	115	116	105	118	131	119
121	122	123	124	125	126	127	129	117	120	142	132
133	134	135	136	137	138	139	128	140	141	130	143

Step #15
1	2	3	4	5	6	7	8	9	10	11	12
13	14	15	16	17	18	19	20	21	22	23	24
25	26	27	28	29	30	31	32	33	34	35	36
37	38	39	40	41	42	43	44	45	46	47	48
49	50	51	52	53	54	55	56	57	58	59	60
61	62	63	64	65	66	67	69	0	70	71	72
73	74	75	76	77	78	79	68	81	82	83	84
85	86	87	88	89	90	91	80	93	94	95	96
97	98	99	100	101	102	103	92	104	106	107	108
109	110	111	112	113	114	115	116	105	118	131	119
121	122	123	124	125	126	127	129	117	120	142	132
133	134	135	136	137	138	139	128	140	141	130	143

Step #16
1	2	3	4	5	6	7	8	9	10	11	12
13	14	15	16	17	18	19	20	21	22	23	24
25	26	27	28	29	30	31	32	33	34	35	36
37	38	39	40	41	42	43	44	45	46	47	48
49	50	51	52	53	54	55	56	57	58	59	60
61	62	63	64	65	66	67	0	69	70	71	72
73	74	75	76	77	78	79	68	81	82	83	84
85	86	87	88	89	90	91	80	93	94	95	96
97	98	99	100	101	102	103	92	104	106	107	108
109	110	111	112	113	114	115	116	105	118	131	119
121	122	123	124	125	126	127	129	117	120	142	132
133	134	135	136	137	138	139	128	140	141	130	143

Step #17
1	2	3	4	5	6	7	8	9	10	11	12
13	14	15	16	17	18	19	20	21	22	23	24
25	26	27	28	29	30	31	32	33	34	35	36
37	38	39	40	41	42	43	44	45	46	47	48
49	50	51	52	53	54	55	56	57	58	59	60
61	62	63	64	65	66	67	68	69	70	71	72
73	74	75	76	77	78	79	0	81	82	83	84
85	86	87	88	89	90	91	80	93	94	95	96
97	98	99	100	101	102	103	92	104	106	107	108
109	110	111	112	113	114	115	116	105	118	131	119
121	122	123	124	125	126	127	129	117	120	142	132
133	134	135	136	137	138	139	128	140	141	130	143

Step #18
1	2	3	4	5	6	7	8	9	10	11	12
13	14	15	16	17	18	19	20	21	22	23	24
25	26	27	28	29	30	31	32	33	34	35	36
37	38	39	40	41	42	43	44	45	46	47	48
49	50	51	52	53	54	55	56	57	58	59	60
61	62	63	64	65	66	67	68	69	70	71	72
73	74	75	76	77	78	79	80	81	82	83	84
85	86	87	88	89	90	91	0	93	94	95	96
97	98	99	100	101	102	103	92	104	106	107	108
109	110	111	112	113	114	115	116	105	118	131	119
121	122	123	124	125	126	127	129	117	120	142	132
133	134	135	136	137	138	139	128	140	141	130	143

Step #19
1	2	3	4	5	6	7	8	9	10	11	12
13	14	15	16	17	18	19	20	21	22	23	24
25	26	27	28	29	30	31	32	33	34	35	36
37	38	39	40	41	42	43	44	45	46	47	48
49	50	51	52	53	54	55	56	57	58	59	60
61	62	63	64	65	66	67	68	69	70	71	72
73	74	75	76	77	78	79	80	81	82	83	84
85	86	87	88	89	90	91	92	93	94	95	96
97	98	99	100	101	102	103	0	104	106	107	108
109	110	111	112	113	114	115	116	105	118	131	119
121	122	123	124	125	126	127	129	117	120	142	132
133	134	135	136	137	138	139	128	140	141	130	143

Step #20
1	2	3	4	5	6	7	8	9	10	11	12
13	14	15	16	17	18	19	20	21	22	23	24
25	26	27	28	29	30	31	32	33	34	35	36
37	38	39	40	41	42	43	44	45	46	47	48
49	50	51	52	53	54	55	56	57	58	59	60
61	62	63	64	65	66	67	68	69	70	71	72
73	74	75	76	77	78	79	80	81	82	83	84
85	86	87	88	89	90	91	92	93	94	95	96
97	98	99	100	101	102	103	104	0	106	107	108
109	110	111	112	113	114	115	116	105	118	131	119
121	122	123	124	125	126	127	129	117	120	142	132
133	134	135	136	137	138	139	128	140	141	130	143

Step #21
1	2	3	4	5	6	7	8	9	10	11	12
13	14	15	16	17	18	19	20	21	22	23	24
25	26	27	28	29	30	31	32	33	34	35	36
37	38	39	40	41	42	43	44	45	46	47	48
49	50	51	52	53	54	55	56	57	58	59	60
61	62	63	64	65	66	67	68	69	70	71	72
73	74	75	76	77	78	79	80	81	82	83	84
85	86	87	88	89	90	91	92	93	94	95	96
97	98	99	100	101	102	103	104	105	106	107	108
109	110	111	112	113	114	115	116	0	118	131	119
121	122	123	124	125	126	127	129	117	120	142	132
133	134	135	136	137	138	139	128	140	141	130	143

Step #22
1	2	3	4	5	6	7	8	9	10	11	12
13	14	15	16	17	18	19	20	21	22	23	24
25	26	27	28	29	30	31	32	33	34	35	36
37	38	39	40	41	42	43	44	45	46	47	48
49	50	51	52	53	54	55	56	57	58	59	60
61	62	63	64	65	66	67	68	69	70	71	72
73	74	75	76	77	78	79	80	81	82	83	84
85	86	87	88	89	90	91	92	93	94	95	96
97	98	99	100	101	102	103	104	105	106	107	108
109	110	111	112	113	114	115	116	117	118	131	119
121	122	123	124	125	126	127	129	0	120	142	132
133	134	135	136	137	138	139	128	140	141	130	143

Step #23
1	2	3	4	5	6	7	8	9	10	11	12
13	14	15	16	17	18	19	20	21	22	23	24
25	26	27	28	29	30	31	32	33	34	35	36
37	38	39	40	41	42	43	44	45	46	47	48
49	50	51	52	53	54	55	56	57	58	59	60
61	62	63	64	65	66	67	68	69	70	71	72
73	74	75	76	77	78	79	80	81	82	83	84
85	86	87	88	89	90	91	92	93	94	95	96
97	98	99	100	101	102	103	104	105	106	107	108
109	110	111	112	113	114	115	116	117	118	131	119
121	122	123	124	125	126	127	0	129	120	142	132
133	134	135	136	137	138	139	128	140	141	130	143

Step #24
1	2	3	4	5	6	7	8	9	10	11	12
13	14	15	16	17	18	19	20	21	22	23	24
25	26	27	28	29	30	31	32	33	34	35	36
37	38	39	40	41	42	43	44	45	46	47	48
49	50	51	52	53	54	55	56	57	58	59	60
61	62	63	64	65	66	67	68	69	70	71	72
73	74	75	76	77	78	79	80	81	82	83	84
85	86	87	88	89	90	91	92	93	94	95	96
97	98	99	100	101	102	103	104	105	106	107	108
109	110	111	112	113	114	115	116	117	118	131	119
121	122	123	124	125	126	127	128	129	120	142	132
133	134	135	136	137	138	139	0	140	141	130	143

Step #25
1	2	3	4	5	6	7	8	9	10	11	12
13	14	15	16	17	18	19	20	21	22	23	24
25	26	27	28	29	30	31	32	33	34	35	36
37	38	39	40	41	42	43	44	45	46	47	48
49	50	51	52	53	54	55	56	57	58	59	60
61	62	63	64	65	66	67	68	69	70	71	72
73	74	75	76	77	78	79	80	81	82	83	84
85	86	87	88	89	90	91	92	93	94	95	96
97	98	99	100	101	102	103	104	105	106	107	108
109	110	111	112	113	114	115	116	117	118	131	119
121	122	123	124	125	126	127	128	129	120	142	132
133	134	135	136	137	138	139	140	0	141	130	143

Step #26
1	2	3	4	5	6	7	8	9	10	11	12
13	14	15	16	17	18	19	20	21	22	23	24
25	26	27	28	29	30	31	32	33	34	35	36
37	38	39	40	41	42	43	44	45	46	47	48
49	50	51	52	53	54	55	56	57	58	59	60
61	62	63	64	65	66	67	68	69	70	71	72
73	74	75	76	77	78	79	80	81	82	83	84
85	86	87	88	89	90	91	92	93	94	95	96
97	98	99	100	101	102	103	104	105	106	107	108
109	110	111	112	113	114	115	116	117	118	131	119
121	122	123	124	125	126	127	128	129	120	142	132
133	134	135	136	137	138	139	140	141	0	130	143

Step #27
1	2	3	4	5	6	7	8	9	10	11	12
13	14	15	16	17	18	19	20	21	22	23	24
25	26	27	28	29	30	31	32	33	34	35	36
37	38	39	40	41	42	43	44	45	46	47	48
49	50	51	52	53	54	55	56	57	58	59	60
61	62	63	64	65	66	67	68	69	70	71	72
73	74	75	76	77	78	79	80	81	82	83	84
85	86	87	88	89	90	91	92	93	94	95	96
97	98	99	100	101	102	103	104	105	106	107	108
109	110	111	112	113	114	115	116	117	118	131	119
121	122	123	124	125	126	127	128	129	120	142	132
133	134	135	136	137	138	139	140	141	130	0	143

Step #28
1	2	3	4	5	6	7	8	9	10	11	12
13	14	15	16	17	18	19	20	21	22	23	24
25	26	27	28	29	30	31	32	33	34	35	36
37	38	39	40	41	42	43	44	45	46	47	48
49	50	51	52	53	54	55	56	57	58	59	60
61	62	63	64	65	66	67	68	69	70	71	72
73	74	75	76	77	78	79	80	81	82	83	84
85	86	87	88	89	90	91	92	93	94	95	96
97	98	99	100	101	102	103	104	105	106	107	108
109	110	111	112	113	114	115	116	117	118	131	119
121	122	123	124	125	126	127	128	129	120	0	132
133	134	135	136	137	138	139	140	141	130	142	143

Step #29
1	2	3	4	5	6	7	8	9	10	11	12
13	14	15	16	17	18	19	20	21	22	23	24
25	26	27	28	29	30	31	32	33	34	35	36
37	38	39	40	41	42	43	44	45	46	47	48
49	50	51	52	53	54	55	56	57	58	59	60
61	62	63	64	65	66	67	68	69	70	71	72
73	74	75	76	77	78	79	80	81	82	83	84
85	86	87	88	89	90	91	92	93	94	95	96
97	98	99	100	101	102	103	104	105	106	107	108
109	110	111	112	113	114	115	116	117	118	131	119
121	122	123	124	125	126	127	128	129	0	120	132
133	134	135	136	137	138	139	140	141	130	142	143

Step #30
1	2	3	4	5	6	7	8	9	10	11	12
13	14	15	16	17	18	19	20	21	22	23	24
25	26	27	28	29	30	31	32	33	34	35	36
37	38	39	40	41	42	43	44	45	46	47	48
49	50	51	52	53	54	55	56	57	58	59	60
61	62	63	64	65	66	67	68	69	70	71	72
73	74	75	76	77	78	79	80	81	82	83	84
85	86	87	88	89	90	91	92	93	94	95	96
97	98	99	100	101	102	103	104	105	106	107	108
109	110	111	112	113	114	115	116	117	118	131	119
121	122	123	124	125	126	127	128	129	130	120	132
133	134	135	136	137	138	139	140	141	0	142	143

Step #31
1	2	3	4	5	6	7	8	9	10	11	12
13	14	15	16	17	18	19	20	21	22	23	24
25	26	27	28	29	30	31	32	33	34	35	36
37	38	39	40	41	42	43	44	45	46	47	48
49	50	51	52	53	54	55	56	57	58	59	60
61	62	63	64	65	66	67	68	69	70	71	72
73	74	75	76	77	78	79	80	81	82	83	84
85	86	87	88	89	90	91	92	93	94	95	96
97	98	99	100	101	102	103	104	105	106	107	108
109	110	111	112	113	114	115	116	117	118	131	119
121	122	123	124	125	126	127	128	129	130	120	132
133	134	135	136	137	138	139	140	141	142	0	143

Step #32
1	2	3	4	5	6	7	8	9	10	11	12
13	14	15	16	17	18	19	20	21	22	23	24
25	26	27	28	29	30	31	32	33	34	35	36
37	38	39	40	41	42	43	44	45	46	47	48
49	50	51	52	53	54	55	56	57	58	59	60
61	62	63	64	65	66	67	68	69	70	71	72
73	74	75	76	77	78	79	80	81	82	83	84
85	86	87	88	89	90	91	92	93	94	95	96
97	98	99	100	101	102	103	104	105	106	107	108
109	110	111	112	113	114	115	116	117	118	131	119
121	122	123	124	125	126	127	128	129	130	120	132
133	134	135	136	137	138	139	140	141	142	143	0

Step #33
1	2	3	4	5	6	7	8	9	10	11	12
13	14	15	16	17	18	19	20	21	22	23	24
25	26	27	28	29	30	31	32	33	34	35	36
37	38	39	40	41	42	43	44	45	46	47	48
49	50	51	52	53	54	55	56	57	58	59	60
61	62	63	64	65	66	67	68	69	70	71	72
73	74	75	76	77	78	79	80	81	82	83	84
85	86	87	88	89	90	91	92	93	94	95	96
97	98	99	100	101	102	103	104	105	106	107	108
109	110	111	112	113	114	115	116	117	118	131	119
121	122	123	124	125	126	127	128	129	130	120	0
133	134	135	136	137	138	139	140	141	142	143	132

Step #34
1	2	3	4	5	6	7	8	9	10	11	12
13	14	15	16	17	18	19	20	21	22	23	24
25	26	27	28	29	30	31	32	33	34	35	36
37	38	39	40	41	42	43	44	45	46	47	48
49	50	51	52	53	54	55	56	57	58	59	60
61	62	63	64	65	66	67	68	69	70	71	72
73	74	75	76	77	78	79	80	81	82	83	84
85	86	87	88	89	90	91	92	93	94	95	96
97	98	99	100	101	102	103	104	105	106	107	108
109	110	111	112	113	114	115	116	117	118	131	119
121	122	123	124	125	126	127	128	129	130	0	120
133	134	135	136	137	138	139	140	141	142	143	132

Step #35
1	2	3	4	5	6	7	8	9	10	11	12
13	14	15	16	17	18	19	20	21	22	23	24
25	26	27	28	29	30	31	32	33	34	35	36
37	38	39	40	41	42	43	44	45	46	47	48
49	50	51	52	53	54	55	56	57	58	59	60
61	62	63	64	65	66	67	68	69	70	71	72
73	74	75	76	77	78	79	80	81	82	83	84
85	86	87	88	89	90	91	92	93	94	95	96
97	98	99	100	101	102	103	104	105	106	107	108
109	110	111	112	113	114	115	116	117	118	0	119
121	122	123	124	125	126	127	128	129	130	131	120
133	134	135	136	137	138	139	140	141	142	143	132

Step #36
1	2	3	4	5	6	7	8	9	10	11	12
13	14	15	16	17	18	19	20	21	22	23	24
25	26	27	28	29	30	31	32	33	34	35	36
37	38	39	40	41	42	43	44	45	46	47	48
49	50	51	52	53	54	55	56	57	58	59	60
61	62	63	64	65	66	67	68	69	70	71	72
73	74	75	76	77	78	79	80	81	82	83	84
85	86	87	88	89	90	91	92	93	94	95	96
97	98	99	100	101	102	103	104	105	106	107	108
109	110	111	112	113	114	115	116	117	118	119	0
121	122	123	124	125	126	127	128	129	130	131	120
133	134	135	136	137	138	139	140	141	142	143	132

Step #37
1	2	3	4	5	6	7	8	9	10	11	12
13	14	15	16	17	18	19	20	21	22	23	24
25	26	27	28	29	30	31	32	33	34	35	36
37	38	39	40	41	42	43	44	45	46	47	48
49	50	51	52	53	54	55	56	57	58	59	60
61	62	63	64	65	66	67	68	69	70	71	72
73	74	75	76	77	78	79	80	81	82	83	84
85	86	87	88	89	90	91	92	93	94	95	96
97	98	99	100	101	102	103	104	105	106	107	108
109	110	111	112	113	114	115	116	117	118	119	120
121	122	123	124	125	126	127	128	129	130	131	0
133	134	135	136	137	138	139	140	141	142	143	132

Step #38
1	2	3	4	5	6	7	8	9	10	11	12
13	14	15	16	17	18	19	20	21	22	23	24
25	26	27	28	29	30	31	32	33	34	35	36
37	38	39	40	41	42	43	44	45	46	47	48
49	50	51	52	53	54	55	56	57	58	59	60
61	62	63	64	65	66	67	68	69	70	71	72
73	74	75	76	77	78	79	80	81	82	83	84
85	86	87	88	89	90	91	92	93	94	95	96
97	98	99	100	101	102	103	104	105	106	107	108
109	110	111	112	113	114	115	116	117	118	119	120
121	122	123	124	125	126	127	128	129	130	131	132
133	134	135	136	137	138	139	140	141	142	143	0
