--- A* Search statistics ---
Total node expansions: 30155
Total solution cost: 30
Time elapsed executing: 54.697s
Solution path:

Step #0
1	7	3	4
10	2	6	11
13	5	0	9
14	15	8	12

Step #1
1	7	3	4
10	2	6	11
13	5	8	9
14	15	0	12

Step #2
1	7	3	4
10	2	6	11
13	5	8	9
14	0	15	12

Step #3
1	7	3	4
10	2	6	11
13	5	8	9
0	14	15	12

Step #4
1	7	3	4
10	2	6	11
0	5	8	9
13	14	15	12

Step #5
1	7	3	4
0	2	6	11
10	5	8	9
13	14	15	12

Step #6
1	7	3	4
2	0	6	11
10	5	8	9
13	14	15	12

Step #7
1	0	3	4
2	7	6	11
10	5	8	9
13	14	15	12

Step #8
1	3	0	4
2	7	6	11
10	5	8	9
13	14	15	12

Step #9
1	3	6	4
2	7	0	11
10	5	8	9
13	14	15	12

Step #10
1	3	6	4
2	7	8	11
10	5	0	9
13	14	15	12

Step #11
1	3	6	4
2	7	8	11
10	5	9	0
13	14	15	12

Step #12
1	3	6	4
2	7	8	0
10	5	9	11
13	14	15	12

Step #13
1	3	6	4
2	7	0	8
10	5	9	11
13	14	15	12

Step #14
1	3	6	4
2	0	7	8
10	5	9	11
13	14	15	12

Step #15
1	3	6	4
0	2	7	8
10	5	9	11
13	14	15	12

Step #16
1	3	6	4
10	2	7	8
0	5	9	11
13	14	15	12

Step #17
1	3	6	4
10	2	7	8
5	0	9	11
13	14	15	12

Step #18
1	3	6	4
10	2	7	8
5	9	0	11
13	14	15	12

Step #19
1	3	6	4
10	2	0	8
5	9	7	11
13	14	15	12

Step #20
1	3	0	4
10	2	6	8
5	9	7	11
13	14	15	12

Step #21
1	0	3	4
10	2	6	8
5	9	7	11
13	14	15	12

Step #22
1	2	3	4
10	0	6	8
5	9	7	11
13	14	15	12

Step #23
1	2	3	4
0	10	6	8
5	9	7	11
13	14	15	12

Step #24
1	2	3	4
5	10	6	8
0	9	7	11
13	14	15	12

Step #25
1	2	3	4
5	10	6	8
9	0	7	11
13	14	15	12

Step #26
1	2	3	4
5	0	6	8
9	10	7	11
13	14	15	12

Step #27
1	2	3	4
5	6	0	8
9	10	7	11
13	14	15	12

Step #28
1	2	3	4
5	6	7	8
9	10	0	11
13	14	15	12

Step #29
1	2	3	4
5	6	7	8
9	10	11	0
13	14	15	12

Step #30
1	2	3	4
5	6	7	8
9	10	11	12
13	14	15	0
