--- A* Search statistics ---
Total node expansions: 31
Total solution cost: 18
Time elapsed executing: 0.023s
Solution path:

Step #0
1	2	3	4	5	6
7	8	9	10	11	0
13	14	15	23	17	12
19	20	21	16	22	29
25	26	27	34	28	18
31	32	33	35	30	24

Step #1
1	2	3	4	5	6
7	8	9	10	11	12
13	14	15	23	17	0
19	20	21	16	22	29
25	26	27	34	28	18
31	32	33	35	30	24

Step #2
1	2	3	4	5	6
7	8	9	10	11	12
13	14	15	23	0	17
19	20	21	16	22	29
25	26	27	34	28	18
31	32	33	35	30	24

Step #3
1	2	3	4	5	6
7	8	9	10	11	12
13	14	15	0	23	17
19	20	21	16	22	29
25	26	27	34	28	18
31	32	33	35	30	24

Step #4
1	2	3	4	5	6
7	8	9	10	11	12
13	14	15	16	23	17
19	20	21	0	22	29
25	26	27	34	28	18
31	32	33	35	30	24

Step #5
1	2	3	4	5	6
7	8	9	10	11	12
13	14	15	16	23	17
19	20	21	22	0	29
25	26	27	34	28	18
31	32	33	35	30	24

Step #6
1	2	3	4	5	6
7	8	9	10	11	12
13	14	15	16	23	17
19	20	21	22	29	0
25	26	27	34	28	18
31	32	33	35	30	24

Step #7
1	2	3	4	5	6
7	8	9	10	11	12
13	14	15	16	23	17
19	20	21	22	29	18
25	26	27	34	28	0
31	32	33	35	30	24

Step #8
1	2	3	4	5	6
7	8	9	10	11	12
13	14	15	16	23	17
19	20	21	22	29	18
25	26	27	34	28	24
31	32	33	35	30	0

Step #9
1	2	3	4	5	6
7	8	9	10	11	12
13	14	15	16	23	17
19	20	21	22	29	18
25	26	27	34	28	24
31	32	33	35	0	30

Step #10
1	2	3	4	5	6
7	8	9	10	11	12
13	14	15	16	23	17
19	20	21	22	29	18
25	26	27	34	28	24
31	32	33	0	35	30

Step #11
1	2	3	4	5	6
7	8	9	10	11	12
13	14	15	16	23	17
19	20	21	22	29	18
25	26	27	0	28	24
31	32	33	34	35	30

Step #12
1	2	3	4	5	6
7	8	9	10	11	12
13	14	15	16	23	17
19	20	21	22	29	18
25	26	27	28	0	24
31	32	33	34	35	30

Step #13
1	2	3	4	5	6
7	8	9	10	11	12
13	14	15	16	23	17
19	20	21	22	0	18
25	26	27	28	29	24
31	32	33	34	35	30

Step #14
1	2	3	4	5	6
7	8	9	10	11	12
13	14	15	16	0	17
19	20	21	22	23	18
25	26	27	28	29	24
31	32	33	34	35	30

Step #15
1	2	3	4	5	6
7	8	9	10	11	12
13	14	15	16	17	0
19	20	21	22	23	18
25	26	27	28	29	24
31	32	33	34	35	30

Step #16
1	2	3	4	5	6
7	8	9	10	11	12
13	14	15	16	17	18
19	20	21	22	23	0
25	26	27	28	29	24
31	32	33	34	35	30

Step #17
1	2	3	4	5	6
7	8	9	10	11	12
13	14	15	16	17	18
19	20	21	22	23	24
25	26	27	28	29	0
31	32	33	34	35	30

Step #18
1	2	3	4	5	6
7	8	9	10	11	12
13	14	15	16	17	18
19	20	21	22	23	24
25	26	27	28	29	30
31	32	33	34	35	0
