--- A* Search statistics ---
Total node expansions: 93
Total solution cost: 24
Time elapsed executing: 0.100s
Solution path:

Step #0
1	3	8	4
13	2	12	0
7	5	6	15
14	9	10	11

Step #1
1	3	8	4
13	2	0	12
7	5	6	15
14	9	10	11

Step #2
1	3	0	4
13	2	8	12
7	5	6	15
14	9	10	11

Step #3
1	0	3	4
13	2	8	12
7	5	6	15
14	9	10	11

Step #4
1	2	3	4
13	0	8	12
7	5	6	15
14	9	10	11

Step #5
1	2	3	4
13	5	8	12
7	0	6	15
14	9	10	11

Step #6
1	2	3	4
13	5	8	12
0	7	6	15
14	9	10	11

Step #7
1	2	3	4
0	5	8	12
13	7	6	15
14	9	10	11

Step #8
1	2	3	4
5	0	8	12
13	7	6	15
14	9	10	11

Step #9
1	2	3	4
5	7	8	12
13	0	6	15
14	9	10	11

Step #10
1	2	3	4
5	7	8	12
13	9	6	15
14	0	10	11

Step #11
1	2	3	4
5	7	8	12
13	9	6	15
0	14	10	11

Step #12
1	2	3	4
5	7	8	12
0	9	6	15
13	14	10	11

Step #13
1	2	3	4
5	7	8	12
9	0	6	15
13	14	10	11

Step #14
1	2	3	4
5	7	8	12
9	6	0	15
13	14	10	11

Step #15
1	2	3	4
5	7	8	12
9	6	10	15
13	14	0	11

Step #16
1	2	3	4
5	7	8	12
9	6	10	15
13	14	11	0

Step #17
1	2	3	4
5	7	8	12
9	6	10	0
13	14	11	15

Step #18
1	2	3	4
5	7	8	0
9	6	10	12
13	14	11	15

Step #19
1	2	3	4
5	7	0	8
9	6	10	12
13	14	11	15

Step #20
1	2	3	4
5	0	7	8
9	6	10	12
13	14	11	15

Step #21
1	2	3	4
5	6	7	8
9	0	10	12
13	14	11	15

Step #22
1	2	3	4
5	6	7	8
9	10	0	12
13	14	11	15

Step #23
1	2	3	4
5	6	7	8
9	10	11	12
13	14	0	15

Step #24
1	2	3	4
5	6	7	8
9	10	11	12
13	14	15	0
