---A* Search statistics---
Total node expansions: 164
Total solution cost: 20
Solution path:

Step #0
0	2	7	4
3	1	8	12
5	6	10	15
9	13	14	11

Step #1
3	2	7	4
0	1	8	12
5	6	10	15
9	13	14	11

Step #2
3	2	7	4
1	0	8	12
5	6	10	15
9	13	14	11

Step #3
3	0	7	4
1	2	8	12
5	6	10	15
9	13	14	11

Step #4
0	3	7	4
1	2	8	12
5	6	10	15
9	13	14	11

Step #5
1	3	7	4
0	2	8	12
5	6	10	15
9	13	14	11

Step #6
1	3	7	4
5	2	8	12
0	6	10	15
9	13	14	11

Step #7
1	3	7	4
5	2	8	12
9	6	10	15
0	13	14	11

Step #8
1	3	7	4
5	2	8	12
9	6	10	15
13	0	14	11

Step #9
1	3	7	4
5	2	8	12
9	6	10	15
13	14	0	11

Step #10
1	3	7	4
5	2	8	12
9	6	10	15
13	14	11	0

Step #11
1	3	7	4
5	2	8	12
9	6	10	0
13	14	11	15

Step #12
1	3	7	4
5	2	8	0
9	6	10	12
13	14	11	15

Step #13
1	3	7	4
5	2	0	8
9	6	10	12
13	14	11	15

Step #14
1	3	0	4
5	2	7	8
9	6	10	12
13	14	11	15

Step #15
1	0	3	4
5	2	7	8
9	6	10	12
13	14	11	15

Step #16
1	2	3	4
5	0	7	8
9	6	10	12
13	14	11	15

Step #17
1	2	3	4
5	6	7	8
9	0	10	12
13	14	11	15

Step #18
1	2	3	4
5	6	7	8
9	10	0	12
13	14	11	15

Step #19
1	2	3	4
5	6	7	8
9	10	11	12
13	14	0	15

Step #20
1	2	3	4
5	6	7	8
9	10	11	12
13	14	15	0
