***astar statistics***
Total node expansions: 152
Total solution cost: 20
Solution path:

Step #0
0	2	4	7
1	6	3	8
5	9	14	15
13	12	10	11

Step #1
1	2	4	7
0	6	3	8
5	9	14	15
13	12	10	11

Step #2
1	2	4	7
5	6	3	8
0	9	14	15
13	12	10	11

Step #3
1	2	4	7
5	6	3	8
9	0	14	15
13	12	10	11

Step #4
1	2	4	7
5	6	3	8
9	14	0	15
13	12	10	11

Step #5
1	2	4	7
5	6	3	8
9	14	10	15
13	12	0	11

Step #6
1	2	4	7
5	6	3	8
9	14	10	15
13	0	12	11

Step #7
1	2	4	7
5	6	3	8
9	0	10	15
13	14	12	11

Step #8
1	2	4	7
5	6	3	8
9	10	0	15
13	14	12	11

Step #9
1	2	4	7
5	6	3	8
9	10	15	0
13	14	12	11

Step #10
1	2	4	7
5	6	3	8
9	10	15	11
13	14	12	0

Step #11
1	2	4	7
5	6	3	8
9	10	15	11
13	14	0	12

Step #12
1	2	4	7
5	6	3	8
9	10	0	11
13	14	15	12

Step #13
1	2	4	7
5	6	3	8
9	10	11	0
13	14	15	12

Step #14
1	2	4	7
5	6	3	0
9	10	11	8
13	14	15	12

Step #15
1	2	4	0
5	6	3	7
9	10	11	8
13	14	15	12

Step #16
1	2	0	4
5	6	3	7
9	10	11	8
13	14	15	12

Step #17
1	2	3	4
5	6	0	7
9	10	11	8
13	14	15	12

Step #18
1	2	3	4
5	6	7	0
9	10	11	8
13	14	15	12

Step #19
1	2	3	4
5	6	7	8
9	10	11	0
13	14	15	12

Step #20
1	2	3	4
5	6	7	8
9	10	11	12
13	14	15	0
